25392
9719
55601
9778
54315
33333
49985
14392
25851
3595
61075
14469
20680
91481
45589
88602
43896
1988
82838
46317
70627
47738
39375
67451
80269
80156
67385
43282
75192
6682
63428
35536
64690
81648
51023
77368
80907
65785
2616
22572
541
89700
4059
93221
40963
24913
23965
36555
26341
90809
99330
63474
56777
45337
14333
60811
9109
50494
29838
6573
61026
10909
41353
95307
5905
27460
22684
69458
41268
79184
76546
6968
22459
51602
44309
15544
91270
27958
60947
94433
59465
133
13067
23992
70817
82443
15745
97019
83724
25328
92695
947
88247
36444
69538
37280
40193
37897
81198
44732
39580
77584
91110
53520
16268
56152
90080
12257
52091
97105
642
13309
75761
74173
72883
19473
59798
46929
57969
66842
12767
58696
35063
63803
36373
30637
46328
22131
81578
81003
19036
35049
13588
6336
82890
91225
18840
14271
36115
39238
31161
49849
81663
39534
43004
18681
58076
64428
713
32301
6882
4874
60124
83048
92656
56091
25197
22208
82808
7468
3004
77398
48988
71549
54142
530
97887
77514
11123
52849
34092
46693
98883
64248
35159
24094
51324
56032
96890
82448
26926
39840
36584
40130
44226
57026
92980
42905
12347
35192
50553
27652
22982
18929
1389
3366
80060
42868
89264
45641
66236
993
20420
57091
56459
46991
78484
15254
15330
707
14714
83821
95964
22309
49420
73223
42072
90621
90825
10669
25102
47635
4526
55048
81945
39947
49669
85719
9896
80547
44108
99981
36360
93437
56955
4760
38317
80473
27272
31452
88401
15611
34977
6497
4786
42552
82762
33644
60812
8184
57669
54329
26736
71898
26708
72440
36365
917
32999
13352
78367
42737
78325
38953
43692
72705
42085
61430
1075
13258
3993
88755
92128
60673
61187
85470
11000
88959
18868
723
69708
23497
4952
35784
84073
20391
62939
42093
46706
97247
63926
29266
18866
71783
83391
15415
48637
48165
57875
76731
85253
40022
76262
3553
70554
19633
63766
96373
42740
78746
29762
30817
44530
43662
95743
2712
74132
81714
55931
66910
75495
59001
81028
3815
95538
42480
11195
25827
63498
25945
76426
11870
20128
36844
22488
61736
36400
59030
11084
24943
86104
10324
47783
89098
22644
33033
72971
10273
90757
62934
56913
64378
58657
40285
10795
36774
87172
90382
71064
70367
32233
12405
54606
58223
13334
54407
58859
29781
54382
26195
45095
15121
61110
36378
30759
62353
77871
10127
75862
51073
75742
86441
88912
25720
56236
15474
82021
20528
10663
53376
39940
38096
35893
85182
74182
50920
18174
42752
79493
24785
21630
35297
98621
87345
23235
22244
9971
67540
79498
49000
65383
42014
79229
37400
86227
56325
68291
28113
43422
45886
64171
71440
71448
38961
11148
49722
20181
7298
41547
72035
1423
56935
16991
7797
78143
92645
25768
45414
85725
93496
66858
75238
72623
54263
8798
32162
42095
21105
202
56844
26127
22465
32329
38217
41638
15835
2991
78614
28223
67149
69479
22180
14496
2004
4474
30979
8924
34219
60257
24061
63774
29526
4423
44434
62157
76244
15309
60983
59199
4581
83083
82750
87249
32972
72931
48433
31
62634
52656
57503
58662
5133
29929
90962
34123
11417
43318
98163
73243
50173
10692
58584
62455
46979
2402
70738
52695
68258
80949
89391
61665
919
54711
30945
12176
32669
46375
89556
54653
84278
98601
24449
47260
79330
77805
6867
80618
4966
97908
28675
61635
6383
74810
7773
47661
88728
13640
31925
16774
15128
56361
96219
60429
44717
66002
71669
60804
23704
62319
52841
62632
7129
98702
34446
53979
18808
9618
94049
10008
12804
25818
94024
18557
69101
35736
5925
21067
89047
63920
78017
7830
41584
97803
63981
86529
15491
97223
74588
69175
93524
18937
69518
771
22947
25901
6935
64839
67806
12722
97616
67716
4530
54505
92824
99883
62224
20697
26433
21452
59388
17083
94329
99529
58333
76020
81610
98244
14964
61836
51472
16899
81646
56926
16076
50955
54636
66097
31170
26129
67997
91534
86094
12900
29167
87982
80908
4429
52250
110
54411
77235
46793
42138
38486
89354
22866
31251
61868
97549
41415
21063
33083
92312
36562
34113
36112
8785
78781
74396
92448
42080
54218
90669
96389
39771
70703
6404
36382
97173
83517
6613
58066
22696
37641
10700
61556
21381
84197
24024
55083
43056
40971
49857
11506
51568
35385
82150
56716
45290
43253
42315
79143
52892
17274
28237
62044
51283
93536
64086
607
70929
24283
52943
48662
35418
97758
62679
84428
46270
67115
28475
47479
33241
26976
71243
84494
7356
61847
36863
4734
92801
17019
70172
5424
40358
59908
58574
60266
66526
16830
56118
82081
71298
76432
56742
59446
81278
72747
70100
75972
6189
9242
64135
47642
64748
49677
63881
52698
21554
85435
39109
60188
65334
8925
38132
40314
41605
73175
21347
26156
63514
56058
72288
48358
59088
17613
74549
62479
97270
72802
63057
13405
66366
96216
15822
63994
69326
4729
9727
98542
71916
34732
50209
93066
73827
75338
71197
62100
26605
7854
87869
8234
61091
20120
54303
82136
74231
24453
12952
66939
14290
54627
42211
14172
81745
77117
41757
96781
94348
48567
25766
95653
95457
27001
45441
6565
96500
72477
76982
62637
30472
4960
48070
29820
46285
54301
15303
30287
85940
67410
35746
32985
83454
83968
46272
85884
55448
77172
85419
98172
29362
52708
3491
89701
28049
10078
73407
22781
71169
50267
80937
25636
61480
36892
10287
60268
94965
75102
84846
64771
61742
97571
75463
56338
21487
31259
66507
13377
36554
4163
15783
98600
66740
90689
47187
57105
17415
9053
91867
49874
32533
32050
94574
70214
90834
49855
60973
33320
59053
64604
2467
9658
6754
41495
38032
19868
11442
18788
57737
4463
46949
7155
62220
74165
98859
6919
89040
68006
79262
2015
7197
50464
61824
20846
53021
51670
77153
69548
29174
17905
59642
10916
9705
50806
66352
85893
81404
37434
57551
25410
72957
86806
78981
67487
52777
80178
77031
93091
35280
1679
80787
48330
26525
81238
44866
46567
30386
55646
46216
80723
4671
1773
46799
51322
50694
7244
64820
83628
91548
60315
57754
36712
34344
42165
61395
32834
48595
92859
22891
20734
11595
43642
98226
93337
16848
41172
58759
44442
10813
35750
15737
79796
54416
47855
24511
15002
91587
6447
28468
60951
30072
86106
96725
86646
93355
36465
86649
86344
32917
99884
39758
59609
39196
33922
42636
91567
77691
47714
85424
70445
53933
29685
95077
86314
87655
36158
39815
79161
20316
6265
64667
23701
50830
69286
6719
28151
39922
24108
69120
47104
12723
30192
47014
34082
82322
28907
59520
65798
84490
97432
99394
88398
59072
44856
23442
5357
92438
81736
86581
35968
78716
35576
47346
19568
43909
36077
437
97465
77758
8311
60213
38003
26025
69651
73926
52565
66338
51419
92608
99246
39542
6793
49217
41758
49661
64969
88896
64233
96610
80113
70013
60988
73232
91810
1713
70906
58760
68328
19635
53877
22167
65610
3021
98449
95815
74831
53522
19425
17886
48248
11545
74305
90174
43773
32466
98502
82543
10341
25541
38283
96885
59313
49173
94459
18331
5744
61583
68085
8147
72375
85383
37250
54603
84804
7742
27751
56513
45244
81057
79473
4276
569
80293
75528
46208
46629
51556
7730
71879
92728
37374
29791
13425
10175
66195
42839
2106
68859
96130
30022
13952
19807
73793
67403
42131
27625
89766
88745
78877
89063
7331
12898
11907
53449
21076
77193
63405
80767
90608
66636
7949
60731
45372
61018
22181
6766
19164
55329
92151
45756
56922
94311
14909
57529
66946
30190
50465
84032
40367
33410
23494
60123
74516
90041
19045
32588
84728
7864
90211
86264
43102
80699
49372
5893
12727
83777
81292
62442
16434
67044
95879
40466
9392
8701
41154
24505
63875
4426
49065
71859
49297
69781
37411
52356
13642
36751
53119
23102
6243
11375
97776
33944
96760
85881
86580
44448
49254
44839
87490
50715
78801
35981
8268
82059
47151
65122
50823
22567
6866
53044
79377
40730
7410
56511
64697
39133
96585
3435
73706
31504
78511
18001
20445
86473
38451
4495
64249
89608
533
41735
97519
94975
82966
88429
12468
6923
89477
56564
82074
16638
43770
17503
50011
25307
19286
40409
30426
18361
62189
39161
25722
88335
75301
32679
78931
40744
98752
216
2404
86756
72545
50166
67622
44706
79987
94245
20742
90208
81953
90806
96078
41203
46631
48786
29821
30774
36576
64624
69554
10807
35556
93287
51213
21449
42454
56345
44941
72157
43798
79345
2136
5707
27295
17318
78975
21044
19159
31490
34476
72628
51965
37939
8084
80203
53631
1620
61627
58897
40728
81999
22766
38379
69282
41585
4057
68588
14005
35502
59224
12470
49331
78047
73695
96678
90112
87517
31905
34342
11081
82904
66188
55063
8599
18565
65847
36596
83032
63266
86916
48008
22566
10198
95495
15169
19046
50411
10838
42077
48553
35102
34920
42309
3198
78235
71726
42307
77411
1921
3472
75695
26591
17197
21833
57049
95685
7179
29452
78947
91944
42929
87590
50029
75341
44147
12899
38850
41422
78335
64611
83663
5982
22366
79446
47342
670
64470
97151
37935
29301
7093
80589
35565
26204
76973
67199
91026
7792
79459
20879
57506
72591
24766
95121
68627
23176
85294
78012
69435
81225
6220
18209
73878
80886
90641
33267
4337
1043
96687
41425
63282
90113
33046
55343
49605
5397
50724
76140
79147
36624
40349
84600
5618
59061
36733
92543
31142
97015
14446
95444
69698
81111
72662
84538
4332
91522
84810
63069
20935
4973
71928
35193
12849
56816
23018
16684
264
73006
36797
13296
6559
81639
13697
7090
19198
67682
92653
66402
48238
17675
52614
61222
38015
3745
1795
47380
34759
78486
57485
14195
52347
31745
28006
30016
48184
49018
36308
13605
3203
51593
39900
44050
19549
2690
39380
57798
89588
37147
684
61698
39158
29219
44073
35849
80058
13823
39696
92650
61547
68745
55603
21113
81627
79118
11209
59852
86879
43631
78068
78332
20513
77429
87814
91666
71370
99036
29105
52480
77720
73314
19253
36917
3413
88497
71456
62218
21782
71389
87803
45674
29133
59574
52179
48269
5622
53993
51226
18354
5617
61873
4955
65184
46939
24964
30124
58617
91624
827
84576
84808
44580
22511
97584
73455
45859
97446
96906
11027
50794
42192
47641
97140
40093
39107
63258
98426
35768
72352
28120
72702
18645
87145
1367
40172
26496
44780
65876
20884
91569
98928
59310
88092
83888
87253
27945
79635
39512
42537
91573
76144
94988
23721
41623
13378
96276
99396
5240
81717
95864
19907
6487
68424
21055
11470
96231
43535
63120
72667
89502
57983
42334
76988
26130
60025
91814
24956
18940
17645
84626
54913
35153
71871
25995
65305
19892
57377
18759
80977
70314
93400
21718
79845
66835
69714
63268
37908
57342
28026
45799
12552
71270
593
58633
84220
47030
31392
66754
60776
70334
42007
58049
54876
76234
31314
75432
88284
91899
59165
34635
9450
62577
76658
67581
76012
5972
23995
70035
90943
5205
44095
85245
30235
93719
57255
78606
53436
75580
68345
33595
9726
35741
84623
82417
86971
51629
55411
22373
82051
95450
28559
31030
58502
46212
21353
71127
85901
12556
31277
70864
81175
92042
57989
33338
45715
24381
39888
65257
71255
35269
84663
38280
5971
98414
34147
78714
42532
50556
87836
34134
78195
76506
40534
68028
13489
8264
11957
54325
30638
21553
10293
66495
58560
75819
46810
63677
59202
72327
19297
79554
98305
98074
75509
6812
64934
44901
31999
10336
97750
48417
5117
38638
58160
21267
51543
48362
14578
11448
23086
91436
66316
39167
16376
53613
32908
1319
66737
63333
82467
44515
38935
92952
55245
28801
43877
51875
14855
99367
66192
72136
55081
64580
31286
69330
43123
24268
76798
80881
20499
1716
90052
83551
34314
9732
29908
67143
64085
42361
32003
36975
3615
62947
2260
63948
62619
65473
6266
1171
10253
49088
71071
43373
86136
92338
68153
73518
71882
68375
4864
28700
42373
16566
66499
62502
83074
46250
37602
96989
12463
97133
60714
36705
85576
25858
33680
34161
94369
56160
13508
49648
99407
89635
6035
13167
43683
68776
21228
1837
2325
63681
84641
22676
60052
76225
61042
6959
67684
56749
82041
80783
74087
61966
83271
50336
28273
42203
81838
55891
47160
46006
45304
99429
7529
75895
79160
7176
2789
15280
55002
35883
99520
2598
24538
9033
84800
89583
50140
87888
28882
82340
65563
22355
5607
28353
52791
85286
69297
77799
62764
17391
13561
33870
43065
50607
29339
7041
1263
24330
13279
42371
74214
18920
36786
53561
57152
91741
84280
81448
72429
95717
84862
72358
92648
69530
71924
87118
44408
47529
10804
5175
76610
76131
6136
73017
4820
86170
75681
35740
99278
23656
9058
18545
35501
54305
46488
21317
43965
81662
70966
91046
38134
73260
43601
66261
2237
8550
19025
45303
42667
21209
1658
41289
25051
37751
96043
87819
51806
38350
10513
34185
19463
9955
86621
48313
97098
42415
57211
51858
5483
73915
73087
21931
28761
64940
68758
39421
86475
7831
29315
17216
67289
17324
74311
3218
56585
48120
83049
99050
27291
73564
85064
28535
8973
45024
96107
93060
54898
94198
23139
59024
9207
31268
63663
35351
93945
82640
61335
17985
22587
39228
87949
28612
40192
17939
56895
39027
94541
16407
99456
22391
26866
52007
22860
18543
55563
31308
12878
40975
6138
46245
3391
15938
93576
8153
17871
85955
97863
70564
26596
95930
50495
60771
94324
65506
97253
73325
68865
41737
12995
36640
83179
3969
90039
11997
81476
84557
6830
14523
29237
92020
27840
90710
25163
99651
3370
91337
84885
34913
93087
35869
86479
70080
47090
95745
74223
23980
40368
62010
36738
97853
9741
63563
98914
98447
9164
81201
56442
77415
6864
20121
36933
46615
25322
45132
63049
7954
69526
44429
17823
11225
14910
53059
12754
35923
19027
31552
12049
97983
93841
39659
70587
10461
71385
11037
41567
35435
71100
85489
13447
82874
74226
23415
58686
99237
15248
60757
35088
79139
54074
88869
38848
23090
54998
96232
52788
55120
36199
95800
96873
17337
88853
6008
35135
15906
34164
36820
94870
52709
25556
39348
43761
20819
74147
57712
77174
72905
98404
99685
26499
51882
45482
35500
12473
22705
57873
49627
5005
70252
35537
55650
94032
29437
67565
33863
14656
8895
28338
96683
70720
28469
49476
25150
7896
16545
8846
90516
24080
65261
24488
43401
98823
1101
84697
89036
90786
27588
53396
14925
77186
25773
18247
96184
8286
32589
85487
83011
94125
71822
53769
75013
91599
39171
81302
42638
79864
43236
17661
26414
92356
14120
82084
37763
62861
63091
62715
84009
88421
58310
4751
19645
58040
17266
56473
49484
8318
80916
41111
63061
54824
90736
64455
67147
10434
31765
69408
6891
48123
62024
62413
54864
7263
16055
28392
68359
3895
38716
37835
98578
70526
83557
85747
87298
40021
55928
36462
98313
4694
49166
9237
5198
14555
87907
48711
14134
35738
48616
35571
48372
27309
81854
91365
81897
82325
19693
69068
40920
32748
78201
76513
89417
2641
98320
9368
60637
76489
74789
56870
97640
14141
24262
12158
98234
5255
88841
93123
86517
36921
94460
8570
22011
83512
27915
74100
98070
84934
49464
32011
46213
72296
49011
7130
93334
31134
44224
91305
31600
48948
58015
35977
3992
73422
86575
85185
85241
50844
33193
5249
40817
63086
55908
4178
51732
72318
18932
30820
46451
58739
92062
74001
43660
67384
42347
99766
15311
32230
63456
36016
79319
12584
98690
87649
81824
96800
44112
82373
23788
92666
76042
86321
42657
89367
79985
50064
17453
36452
1176
11364
19498
55096
57522
75745
68743
8341
86371
22329
86148
23959
41348
68454
10357
94550
72329
78990
96738
76040
95051
62684
93754
36845
98143
10000
73443
62655
79056
57127
52197
48101
1587
50860
38541
79462
14560
40346
4683
47950
53696
7946
59776
88553
14846
7689
89144
91223
30804
404
36873
85205
63034
46004
72809
24356
16601
39470
29321
45117
84283
43243
46110
87871
99309
44888
41635
19834
3073
16820
94847
29468
96747
56866
45940
42874
61204
8255
38755
59447
88047
57357
14532
3177
40794
62360
94890
59207
15844
77825
68149
68711
50911
89669
72970
646
44044
9473
4757
36510
95676
8336
65329
43567
26763
93948
80114
33249
46893
99723
47649
46130
19289
52188
51702
86456
20685
96320
30520
66412
98647
75743
66081
83498
66577
53282
57871
94524
71972
58805
55276
35044
68622
38343
12857
69973
32990
89963
87127
28390
43587
33075
26059
74213
65892
10171
35456
55266
10937
21453
55748
11396
82245
16316
66354
88344
84972
72278
43261
24451
79365
75769
10810
61993
5349
83579
46330
7430
63054
79414
26847
21865
74337
66417
91915
48355
23477
23021
28499
70161
35023
65226
10647
39412
11529
69001
8446
59359
40760
56391
78545
49556
78202
26517
64169
42709
10668
90326
47433
79484
39059
65551
31972
46495
15879
40395
47961
36779
8256
25891
72378
65318
28709
13590
59264
92812
25122
11511
40762
8242
46907
87943
38483
25053
83187
55216
99286
3757
72980
45735
8314
82200
35990
56418
18313
42173
45323
86233
18246
85628
21773
9888
39374
16625
73830
55776
63081
60850
2323
26698
63584
42286
42634
33432
66004
6700
27161
65492
85657
94074
5491
32340
35616
29727
10534
70383
57784
6326
78628
38768
38391
94251
61228
28412
84869
89117
23711
45315
2254
39545
2520
5331
5713
14700
53610
82952
82826
46339
78560
33910
13123
34223
98891
76687
58301
62782
49782
76324
6256
74529
42895
82907
15619
8985
63534
63820
16171
45829
91780
71576
11882
46439
48210
37955
77851
81586
46299
69549
35848
44484
26332
62523
52678
55828
89900
44297
73022
41181
12953
9893
15
88478
15807
58027
49346
19456
15581
41545
53389
85324
56115
39593
91461
3052
10409
29177
39912
40444
61339
27940
6188
25554
92880
22331
370
22266
47294
71706
56162
64797
96241
17469
25266
75928
63977
81886
29207
26759
14159
53285
47359
75504
11567
75288
85461
35831
10604
7804
12721
92309
50288
44705
26212
83160
38637
49180
47946
28523
44255
32226
84204
58396
93530
57369
8151
69657
54105
79844
55607
23170
86143
41991
53427
27381
13718
68884
143
67179
20903
88754
36714
81540
48187
43452
82275
5002
61520
70239
91674
6834
62472
94822
46233
92507
73312
19103
28313
52086
42340
86663
21772
51774
32703
52597
40704
89806
48586
35332
58948
60341
30917
900
29032
9829
26859
15492
66744
33901
83683
57263
34751
20856
42912
55237
78906
83337
22205
98582
10228
84326
99967
94892
2718
52237
66357
31481
23068
85825
2269
18289
23927
21874
31856
28995
60110
80338
29598
81328
39128
62068
61886
43939
48546
67610
58909
20727
71735
25458
14692
83002
35952
31871
43030
8313
86293
20193
37949
55725
1291
6859
64761
37745
23201
31361
32577
96322
54161
47295
29485
88011
23376
28974
81990
29000
80837
56183
2877
43979
99836
88618
40866
70003
55438
57151
66061
74451
48334
98912
11722
38105
91690
9423
16918
50182
62955
78874
66148
33839
78122
86553
27832
60125
55941
87914
91715
29692
75977
52412
34613
44747
93942
3151
8632
72836
43635
64465
44607
97806
42441
4653
1694
42103
93146
56144
3273
91258
87538
53523
87116
77388
13138
44368
68980
19114
64844
869
11020
33370
32141
77652
19430
22022
58901
76118
93214
6074
46468
17263
61871
13028
47713
41326
18761
72398
62320
305
11232
54469
8453
80594
20463
24217
52908
4603
99091
46072
41225
18333
89484
71
41424
27776
93863
20000
72851
99690
81233
95681
16872
33777
51757
9894
28054
99338
93323
34224
12209
64496
57579
26373
42818
40673
72890
80342
9998
12651
98952
29238
90728
86454
65035
36632
8518
22202
80427
99245
1197
87782
58304
41078
49384
15974
99010
21210
43389
89360
79119
66847
23911
115
37661
21852
52282
93649
5351
81737
89303
5995
76582
66130
11420
66484
21495
47293
55480
99677
20243
14056
95200
46301
17227
29659
54900
66163
75252
22537
93904
62547
65068
17550
7718
90893
82572
85684
89692
56202
13200
23286
20453
78596
77002
5115
58127
77151
46255
33077
74899
49866
83593
89104
36156
14166
69192
36689
82149
64618
21019
53472
46555
11631
87675
36089
585
41710
32133
3046
65732
17350
2893
64176
82023
3080
1047
87877
70040
45280
14099
34261
62789
33819
4614
79407
13162
65063
7866
46798
67745
35882
68288
80428
92598
6844
15781
15628
11684
42748
10348
24161
65764
10145
31848
94869
79896
5340
71166
69736
59502
30146
12582
16232
36028
60902
85670
18069
33244
63971
17923
21445
85886
24727
86201
44928
11471
2984
57813
74448
77072
68808
76596
1181
10163
81924
15779
87076
68904
2430
52910
44208
42614
131
92154
50918
72775
56838
57484
77210
80397
93775
9560
8784
36180
46305
10114
53063
26849
4664
41369
46098
34796
89801
62352
38115
19152
33550
16067
30954
39893
13592
75227
24533
23964
70758
84684
60343
30959
79004
61420
13614
63447
1820
28173
31287
35147
79457
40141
92808
77978
51522
71033
17649
23696
36692
87128
40438
77657
10631
91309
39625
62743
30779
71745
72641
83312
44427
44294
13965
65531
40008
61526
80743
74982
75207
86634
78476
72936
79733
91011
68241
48862
56972
57315
30105
75412
12041
89997
50235
35905
37300
41291
46012
1811
83646
77891
34265
38079
64901
30826
79703
13083
52635
2544
42574
19637
44100
35584
19129
53967
81477
73947
93354
80313
22477
62940
96981
77605
39589
7287
63520
61419
88513
73854
52293
19723
77006
70154
98213
99658
69555
23140
2833
5158
87750
20784
46659
89215
56803
89496
6010
64369
99241
84296
84202
11090
57433
44439
26075
65890
75429
42134
46560
97572
95770
11408
5102
97053
18570
662
80368
87748
62416
54707
79582
56522
2042
12460
12553
26756
83720
45455
8106
8659
76608
10288
46870
71757
59332
45625
6885
59978
15413
39297
77912
21257
99282
11617
97762
75744
67307
64919
38346
48896
81349
28408
5203
15919
17175
20732
66733
42277
57227
93728
876
70810
98800
41398
71401
77819
39527
20135
38537
24997
50097
42539
76977
67142
28699
55425
4801
39275
49052
44502
96042
37178
24797
72304
84170
51481
45955
7707
61038
74910
3438
8681
41150
26724
55578
62261
69343
86763
39256
77206
95422
2832
94287
25161
92139
22885
32895
98512
57894
73801
64757
76661
38192
18880
8216
5187
45957
7004
12542
95170
24226
25729
87007
60587
60240
88698
55009
19187
73529
27729
17033
17642
24431
6365
19130
32343
92561
39441
39080
24813
38613
51776
43234
51356
67508
11676
91163
48959
60989
33522
93427
10091
25519
65144
77650
55016
61844
382
29119
26829
95138
69617
46770
20996
40084
97656
4215
28519
5170
59250
14241
88219
5020
37764
29403
80922
86652
20156
55783
79702
16977
82380
91339
44782
98523
81599
18291
49655
23285
47185
40784
91217
24530
54599
10396
29930
80040
48178
92866
98171
34181
13628
46111
71780
4800
445
31874
84491
64296
45593
47546
95464
8993
25550
35268
55624
69292
97227
59538
15679
39381
36531
2252
52396
74439
49649
20425
32702
99948
10907
81296
51964
17686
76121
64925
42038
93743
7598
81729
44205
90935
99043
36927
59984
84427
41021
54993
71719
16963
41717
81412
39283
32852
45181
72225
987
89697
72886
29043
43932
3921
80437
85243
98220
52464
28231
15749
99513
92306
53962
64911
14490
95983
21089
12316
79294
79245
84715
32913
24257
94221
69377
79634
68332
32635
78836
9519
82948
79984
70005
98221
34921
60598
10829
36213
34995
22854
37892
45115
85888
21641
87053
71366
9711
8406
70598
51664
66851
5648
56601
94421
2845
2392
83109
29943
53618
47577
68722
87637
17303
79510
80789
11453
89216
30784
87760
42243
98535
51499
20462
64451
34266
21758
38843
3066
40566
36343
23028
44841
99363
34762
20180
15662
92276
84587
15861
73041
32859
47082
39533
69024
6833
77702
5061
84363
96156
19051
56889
49878
74425
51005
22846
7051
1683
65135
31959
65861
41253
5686
64684
41814
85132
30299
2713
20928
80619
88591
79529
11120
32737
63727
38033
10391
62571
90524
15925
25983
89730
53097
47168
90606
51766
20454
69731
40657
14843
93425
41419
29730
23470
46576
87562
72746
94400
40161
37828
81248
62579
43849
56331
98349
86574
74678
78795
83260
91088
61064
3972
7842
87190
51682
66234
85235
62585
38707
45420
92292
20184
61921
67713
73238
22406
47123
20955
28894
89864
83429
16413
64150
33608
36517
50544
64243
63962
67284
21916
75814
8110
10339
93458
56382
27427
81223
66128
75693
92160
8650
3916
14328
66437
19668
16728
99226
3186
37556
89387
98138
7588
26294
98314
6468
92773
89940
33197
82020
65800
48998
9868
2619
348
17385
6739
61006
83657
84881
33694
92678
24066
38051
35598
74856
88828
11105
73381
35699
52260
33602
10569
1895
54341
45040
81453
2792
12604
48803
40686
65653
26867
20385
15434
97093
87602
65878
2774
57982
25405
15114
78165
44494
43301
78652
89859
99020
10025
81541
17990
70152
24050
55207
11494
26160
22892
25836
67918
43637
94873
40921
90898
47430
41307
64561
20039
18268
73024
52562
56507
60269
94568
16585
14626
8149
80825
21061
97671
60234
5597
40076
68039
96048
36799
85174
23401
52641
12627
57505
95741
22780
97349
57888
47840
91963
11604
48945
32044
96023
27042
3488
18716
83770
22794
81395
87162
3788
84223
59860
48867
51462
60367
20233
71447
82737
45772
12311
14246
79045
89790
19296
52576
88860
33582
69921
57840
54896
67137
73064
67040
46974
91200
33454
75106
59575
55532
57363
22138
49761
31615
5452
75261
71598
28218
63462
48881
94331
55682
33191
99926
55641
43398
99009
67721
38488
20575
92409
29923
31333
186
79616
74406
48830
35209
14937
1550
5949
71591
10650
47
762
27503
61674
52256
98044
85614
83548
65894
13887
19611
75997
56316
20295
98932
18686
81358
15913
74015
12633
57322
34562
64548
89543
379
64910
25121
40559
79416
64676
17817
67482
94809
49908
99153
15610
55087
54626
22735
95402
49164
39014
63310
40290
60314
40428
58293
55260
23994
3227
52688
73033
9316
32483
28565
55806
24592
49685
66069
48861
85596
26024
74032
49926
11535
98287
65580
44062
75648
47868
46724
70387
96152
14699
67490
49769
49699
32315
58062
36363
8414
31057
18135
52534
25587
56540
53633
54553
68235
43592
92490
75078
26421
50956
47059
97472
14988
3168
56235
22413
28567
29843
60708
49387
40267
79981
65130
52511
78063
37469
99016
70011
51310
20313
85887
40519
38995
33179
19042
50179
78900
92357
6651
40333
62678
12215
96083
5571
6530
5747
3643
41071
81126
5389
11977
26840
69985
7784
59166
21024
41116
17099
65908
72706
69097
70556
82089
10465
18138
60435
76594
30566
14701
90759
17761
68885
82920
39858
60971
33444
96763
18988
27772
28879
31257
26581
86558
97045
1027
37390
85131
82989
46417
9540
37926
28854
52613
41929
86188
82250
73734
70595
98534
31291
64181
24569
55246
93769
31390
65497
44195
36893
77453
83862
76229
19295
10766
9480
20101
37185
24887
17062
53699
83439
68046
39135
98958
15782
59056
4746
69879
52348
83210
54224
3980
60833
52825
41137
48618
40911
385
15696
24816
37922
54523
65852
67535
31526
87850
50357
67704
93598
21365
18803
29084
71355
83047
52668
30621
38756
14216
7193
78170
1277
25148
1116
8539
99713
20593
30606
70056
58156
15734
34711
78284
73965
21736
53158
67225
27937
45856
56894
17584
39708
62538
83277
97796
87676
74914
74441
90457
94249
65245
69573
46616
21592
10592
60391
36629
23224
48136
64518
65951
27010
46079
14135
30842
29655
18338
62126
78040
83736
7112
30246
35623
64769
58092
45220
84184
11427
35614
60505
78473
24561
6398
2643
56763
36929
10164
60615
23564
84716
21798
53506
79976
61124
84358
63800
58119
13526
6847
22107
10472
67858
43764
46695
80854
7669
40808
71481
10302
39003
5640
18970
32158
92765
63062
31143
38024
72469
63980
28160
17502
5213
75161
34032
36320
37343
68723
7186
63628
12354
467
23712
65718
80359
12516
47884
81492
39609
39245
3113
6755
86892
73953
53606
47849
46335
34767
76301
99333
16497
90581
81090
41747
36108
99955
33975
25834
4701
88802
2317
63157
23187
30960
95854
35360
73480
34371
21915
83773
9481
39563
44241
15497
94534
51197
56464
83587
54443
25184
33978
58930
99555
15895
95729
83767
35639
50086
93473
26551
80869
34355
2990
33188
71759
12771
90494
89013
99544
47215
86049
37170
84592
10071
93796
201
35466
95111
23904
78667
17500
18164
69076
19669
66958
81754
13708
2635
4890
35894
78853
88814
49186
34749
43129
42712
6604
58673
82171
14071
26274
50060
18846
74457
10312
97714
21612
52037
19100
59785
35691
64094
52851
32276
53281
25931
87580
14367
80946
45950
38721
38999
44904
40987
90336
41196
14531
27713
634
70861
64749
10361
55018
80670
42246
11250
35119
60071
74202
96969
36603
84111
21334
67736
81792
52575
51407
50996
39235
89372
46895
24269
57992
46551
57564
62351
34845
22040
23117
56071
11982
37301
10701
5952
86077
18279
92851
43589
62949
93430
25652
51397
72911
26115
60843
5215
14815
49709
4455
57610
28416
79786
37687
43724
30334
68286
81558
16414
35566
31759
30269
19514
77719
23583
16372
78387
31955
74282
48067
9922
36811
49407
56593
78232
49886
65774
22144
54317
98162
87121
64185
78734
96692
22630
89408
83300
97946
88541
52894
86847
2001
2165
22461
61595
57003
89474
43992
71156
57711
44598
20877
23192
99580
90721
6272
52440
54538
79232
3394
17475
21676
86105
98885
28549
43237
18378
25199
99177
85623
79291
47499
15626
14417
36718
41499
17699
13036
70664
96113
27232
82300
14386
96491
39592
64043
97212
40170
95753
61268
31114
29942
51606
26995
87499
10703
27806
71113
22065
25010
66298
73408
99753
36114
42828
18456
72997
58544
26497
55900
59528
86880
51519
17716
64488
75116
55423
2824
81318
90701
6059
53226
47365
65572
4224
17715
34628
38891
50842
56711
36135
86699
93867
36501
30066
6263
73989
94161
33988
49114
17574
62181
92923
73501
10512
41681
89554
88838
96601
45639
11259
18493
64473
39191
10447
41309
27626
93022
29097
78010
99666
7469
63583
23578
61945
84026
5873
84434
75803
89480
91097
34243
57017
85631
11905
25997
55967
38339
23922
62810
65278
23072
80391
25301
60627
37001
64458
92484
76468
81537
10572
98882
93292
56108
28859
79098
97840
47204
18295
56054
54835
70017
28847
45988
94830
60589
28532
72096
96583
68847
64506
38824
82875
66974
5644
81698
65828
64401
76388
51172
74010
16843
24427
30084
90331
63865
62942
36030
92500
96129
11496
86835
17964
24056
6393
76264
18446
13938
10292
3605
59967
21660
53511
12480
36612
97352
16677
4741
91045
50693
79253
76063
86471
4094
84177
30191
68161
99322
4214
57941
71910
14986
81269
38520
70051
21629
76049
78347
98846
10553
38159
7045
50360
55294
38792
82317
72448
53038
29378
16592
28741
42578
69670
82166
38885
23496
28195
39923
80655
64310
65940
1928
88124
53237
23424
18355
40247
27573
51390
29917
5660
90859
33460
58072
24444
53346
39034
98732
36316
42980
3739
18050
80127
42438
90723
15222
73967
14020
73417
87522
65427
8601
8750
23296
59503
25875
48145
36851
81817
1948
49446
23745
44638
55155
9590
33838
96015
56524
96564
19258
21524
69051
70053
28844
13746
52201
99621
63895
53891
78435
44988
75555
77648
85584
1489
53714
81694
12822
58906
99473
64581
55041
72426
80449
20387
71947
80889
88325
75835
41557
55163
4320
46790
48100
76796
1380
23320
11970
37919
91160
9299
52602
37787
62773
42237
84365
98073
92268
84172
56846
60591
96240
29967
62326
58085
25422
93472
10306
95961
17222
55894
98657
29121
7665
98719
93539
59546
45243
68168
69811
14001
38288
49914
12017
19518
72362
3179
94017
14083
19475
92212
44925
54287
36034
58781
4739
40053
44165
31553
87598
44420
1503
29722
75166
90493
77448
41804
82088
54069
47910
91189
2757
84158
3490
76385
60568
35026
15595
6190
50645
35485
26850
24335
67648
86465
52716
81549
66849
18844
34908
68232
44080
25540
22332
86373
1438
47676
56620
23987
81823
62720
24784
82193
68122
95318
10495
10957
19592
56773
54922
1370
27725
86928
7762
22628
55660
47060
66757
39515
73081
77070
29262
96045
61593
52956
43286
11184
89334
76950
456
40496
83480
80388
40627
75330
85228
23390
8752
27543
18120
10832
4029
116
60050
98999
66218
44789
33354
12565
58268
43997
62830
63297
35346
72734
77809
92214
64508
64417
7108
92505
89855
57286
22253
84108
11728
21762
62020
99223
60744
9518
71731
58828
96085
95261
50300
65739
43609
33373
78588
63113
34951
96482
87300
46478
50157
89052
19536
74932
77027
68315
82686
55159
69882
21690
33169
12231
73262
84406
96685
54569
40600
60077
64364
23290
49046
32375
49991
31532
28924
30456
77251
85377
27463
52137
457
91605
26535
12400
29707
45912
435
17622
68990
18596
41155
26872
24758
40573
1331
57410
1835
8182
61677
44384
5263
57473
7844
41975
8129
6311
83076
55582
35985
66813
37333
63753
49919
58706
29710
45285
72876
66669
43650
34771
91784
86950
57480
74101
31747
54465
7449
76238
44536
88354
89450
31998
13601
57512
71551
29998
27591
45255
75507
95315
68280
8085
1926
75883
29420
77348
6910
53108
41644
39326
32871
40422
48149
9094
62323
86661
42518
38006
35298
34988
48465
97097
40163
18267
33464
78738
99957
74533
29555
14679
57395
94537
63411
53948
63556
63947
3368
82604
10395
92551
13989
8143
58162
5605
56567
9066
44690
60654
329
23241
73811
31370
90638
56446
7837
83951
98103
97662
73254
88616
4840
76499
2989
90400
38231
32325
59185
75443
83706
23817
40509
44543
75015
85877
38044
10368
30966
88525
22725
32524
87697
8941
97954
75624
72385
53373
39617
87089
9836
59499
45320
43135
71399
63968
31293
90580
23377
45438
52971
15180
40839
56241
9238
10247
13166
60101
95703
35995
63521
72081
80795
13275
70683
61247
58539
13370
7010
57496
83397
11220
2838
25101
33735
54088
43708
70546
16172
98681
56534
32244
87921
86711
82539
39296
75486
9547
7975
9091
34973
91552
36840
60359
61476
37523
54284
55490
90981
67699
71532
20070
58391
4317
34350
20424
18139
12383
35681
29333
99012
55919
27924
51803
83761
85263
32846
21780
52536
40674
37681
29876
5709
93821
93236
63973
79048
93533
20274
17117
90132
97457
4046
20394
28373
43168
42673
41992
70723
79019
21461
10455
54383
57326
31717
68927
23851
88871
71793
1764
8455
15576
69660
90787
19689
29295
70515
70885
26534
79169
33420
39463
52700
34563
30306
40142
22104
70197
46575
47013
64996
59543
49657
74907
59252
11106
7067
18917
91288
73932
53323
59974
18162
40716
11463
44010
88659
44014
18130
9673
78782
17701
35241
96758
69229
59526
38754
64047
53715
31665
94390
6862
62517
49246
17610
60861
4225
24273
98639
46065
23686
72437
54558
58395
65626
50507
8092
59733
93394
26983
88138
19032
56707
50670
79661
33885
15950
9666
14434
4686
49276
59862
71059
17539
31996
31405
72284
97728
95027
85462
88484
85171
58491
45774
34657
726
19650
32330
61451
78480
96876
51328
28760
32719
1944
37395
1543
41382
79338
25735
20872
55494
86229
90974
13956
80325
88982
54014
8384
48259
61835
91464
23319
28776
51904
44453
79069
2138
69226
27944
2625
47218
35853
48872
30740
91183
70235
56958
56352
96730
17797
29283
56501
13918
18379
89000
85745
46275
93998
12122
86007
55813
67735
64220
96464
85097
24598
51241
19429
7235
22390
67232
64448
5806
93994
61574
2264
25850
46747
65559
14488
72996
50271
99524
67094
43559
81076
60693
61162
5087
62925
95596
71955
70806
16333
16540
58822
69193
4574
25043
76686
38133
79364
68384
36941
75710
33757
89528
41466
4155
85588
82573
67421
80326
7789
53190
94674
26696
57129
96337
89848
1623
61542
73746
40614
95246
34543
76098
50677
34507
31407
16763
88491
17621
91378
97080
78018
72999
70578
19852
97982
36394
7756
84523
70775
70280
93766
48211
77990
82544
57249
3314
92453
45446
28220
84758
43192
63224
20705
31394
45154
37567
97619
15049
44544
7450
19661
37932
73595
29227
14811
96378
5704
97639
56794
19303
83195
47618
58492
1341
79577
23543
20623
28118
87416
53074
95943
32404
62995
93636
22062
88569
1289
2010
82386
525
78670
52757
74779
73780
53846
88847
59554
72916
26269
61713
61701
28490
9706
61862
19583
6671
97871
32653
7660
45163
35181
80284
38600
40288
62151
17591
65439
84709
8218
58649
26374
95123
54285
46114
74572
68618
4180
89237
75477
30611
68893
95840
81498
67463
47001
58981
18556
54374
54195
31650
82459
21790
98048
1507
98192
89517
86841
16335
21987
12734
76672
58557
17401
42402
62484
83921
45554
46013
54059
1912
44593
18061
66117
2309
50973
83774
46694
56380
45894
12704
50474
9555
53003
98997
18231
40184
52453
84123
489
66180
21753
15459
74444
31626
65154
67996
75852
83597
70991
52180
76517
17790
87150
42036
32382
96933
77141
71325
83959
31226
70352
74981
31216
81314
25309
27660
68628
81950
80242
41305
8499
14526
65244
90273
92138
47698
46092
30576
91375
58410
95383
85223
44274
74366
92903
1259
12255
99591
71475
79537
7192
33062
56542
38547
51592
6203
3768
81284
14178
60652
20427
79122
17945
56033
87964
47099
93357
94289
97130
1833
16359
1095
28660
94278
42499
38681
35436
3091
589
90716
85867
59855
80282
6669
48032
79277
18810
94121
53183
96907
66103
45515
43860
71459
71661
73843
78777
98687
90684
33187
68377
70780
43339
89606
82675
17756
69589
60964
74307
11202
98833
33892
18086
47447
90491
32299
4207
17801
67660
16584
23370
10030
96214
35830
47717
13679
24854
4482
11080
77856
78593
15537
98266
6236
40752
90433
97277
86048
48250
54326
13793
1626
16116
84582
93827
63019
14536
49329
80160
13082
7201
93344
22278
64450
36748
19369
41892
41890
96496
70281
99722
62817
68532
11981
96911
43122
21842
45311
18484
12892
35227
4390
59255
19015
95932
88825
79747
11664
36647
34671
64851
38269
95553
62495
58379
69339
75751
42717
29662
85448
45126
74506
51941
7982
81211
71383
24694
86493
85636
37790
23036
5152
50442
71505
49210
36678
47794
71477
36962
64411
18992
46426
37904
45751
69506
84694
72349
14078
52233
63415
82780
31824
13812
45821
83851
60995
50071
20557
84065
23375
87908
43478
88469
45645
60676
26200
20814
92307
49084
3398
42076
44
55028
96405
23679
43836
13395
97938
46923
74890
35688
77093
65936
93610
85070
7345
84380
50049
83900
90143
2311
17793
33677
44295
4980
17466
17179
53634
35191
17423
95212
12356
33447
73611
58664
4963
65365
22997
43638
96010
29419
14314
5404
9623
63960
63996
43851
9074
3395
1073
96145
37417
88278
50512
28136
80742
66956
70705
54710
90435
12408
8319
53695
43698
52847
88187
31690
57106
68597
3455
40410
13364
73154
27254
22416
82456
87033
73016
42768
65294
82825
11310
25021
62422
89263
1844
50406
92830
21928
37638
97037
86836
468
96072
59666
24324
67111
1578
7532
55090
69905
95562
96253
8284
69586
87037
84027
97035
59221
37524
4906
26407
10844
85305
27245
46625
9096
55911
31969
76800
82668
68969
50279
25449
7814
28213
79254
60415
36107
81928
18905
65821
73326
6623
8564
57719
12315
59656
96813
2669
13254
53224
86703
49903
65607
44240
82179
24023
71215
81568
15357
73539
45525
4324
53500
70522
32652
79915
1705
77845
99436
33829
81122
23362
35823
54139
74272
18635
20494
79162
2225
90170
24802
81802
26448
67776
41580
64776
35190
90318
85408
74841
58186
48511
83941
76814
76978
26695
86860
37006
15912
51447
64542
98660
23810
86464
43585
44805
97614
60194
12132
88820
50686
85189
19382
95906
56244
30978
69748
42220
84517
32082
94532
32885
67910
64406
38634
83622
28934
5992
6207
12533
63528
98331
26886
52472
60358
34099
92520
83562
751
91185
38692
24064
69096
75376
82644
4343
41455
68650
44259
71051
3698
94268
29374
27653
40729
49473
27783
76260
42662
5628
24621
60613
51231
95386
54038
97595
7542
61148
85242
5155
24047
38895
39227
800
30880
92852
27115
10242
60029
69709
37131
92539
10798
843
19216
96530
1023
88331
23791
14669
46206
83529
74853
37554
59219
23099
81442
14642
48611
24231
10107
69992
45874
59197
38938
60310
75958
56807
56864
98504
57934
87082
8719
91888
11312
81058
9166
71562
66398
56897
99067
57650
82608
75131
17630
73899
65235
30631
80590
19676
7436
12047
28046
31849
67484
31206
99857
79916
67559
1385
50436
81849
63952
6122
52030
28208
11801
66660
47954
12666
45734
56117
77490
65564
48754
6942
30057
49302
71752
76665
31950
3019
57209
63871
37435
59692
21244
6579
30387
75824
84041
14198
39484
13851
70043
2070
51159
29494
54275
70638
55630
15903
76066
45336
69653
4720
18534
45419
87333
84763
81721
61688
14477
11326
38428
80416
94831
39870
28459
25019
63220
33434
57245
74706
26428
99466
14165
99611
4022
96766
23590
13913
8548
77359
27828
63787
10865
96198
55577
65724
8704
18148
42127
75974
8897
21143
20106
41600
1903
24164
42940
49644
95073
85810
78564
52714
23568
50741
44910
9459
79463
40456
63507
46306
83571
78290
21662
81415
94457
60630
54840
23479
7839
27919
70173
39054
64049
98185
5823
76849
81839
18332
62129
41732
59541
92450
27690
28110
20314
94387
12850
1391
63467
55587
92601
76823
40985
67608
27008
36859
82315
34086
27362
90290
56231
625
32705
64100
72416
5009
20288
78463
91212
21509
45265
99867
61084
38186
8630
90517
94883
30670
40986
26484
79125
25198
47846
34008
76019
89077
10315
60728
93113
33813
96560
14388
8389
31726
49917
73642
65004
67031
31869
37591
61811
67849
27969
53114
93424
36149
19141
62988
49752
38064
70191
93812
24634
93822
19227
74131
5574
11846
60746
88902
88991
38958
23177
64502
45981
42553
79068
66263
15697
73807
89694
48796
63484
74705
30724
91065
45722
52699
57418
34589
45087
61188
45340
36575
94090
58699
4406
91879
71146
66257
6148
32755
45671
62690
71254
10360
91681
7055
41130
90178
96118
60533
80749
10129
24495
9546
10536
27157
14575
7970
41982
31548
94638
74067
49514
7550
5216
49876
49959
90847
66224
69967
26111
52742
65583
63525
23469
44581
57392
63648
20702
27205
75214
52422
23748
66599
52996
6461
61098
51867
57378
63263
56430
64685
86984
39846
43834
86289
34634
50316
25607
98595
6944
47134
78277
44854
97027
86983
19072
11858
88732
86448
35479
38014
27297
25696
23991
51539
651
57837
10017
78231
20778
72722
87913
15247
30493
43327
91111
69901
27896
77187
53198
29946
58736
87335
34599
86183
94698
61242
87722
97911
69483
1696
23559
26703
77230
34682
29758
89552
98001
22161
71948
28271
86896
26472
13126
12396
84873
80036
3196
50496
97852
30455
52267
87384
80105
56366
4308
8902
56246
23057
87724
27726
97795
24657
54001
78686
11055
24791
98897
36623
34840
56410
9735
2279
31676
4310
72553
7157
74404
30982
55408
48777
58493
59587
24206
91219
27199
47291
18125
68024
30134
8382
68455
65418
15612
93387
27682
63609
62232
12203
55264
49747
35439
61797
79689
47367
38606
96622
2349
90232
50050
23937
40001
31645
19259
15190
90543
69205
22197
1348
84178
35570
34030
99255
62
68031
12417
34046
22044
95584
46290
32682
70875
58261
74742
93429
84506
63949
72022
29645
12368
21840
96497
20799
44500
3089
35619
25867
31957
35973
77142
30276
68810
33774
46999
4730
54256
50931
64230
88936
30832
79061
35991
19848
70147
22570
97531
75542
66715
944
63676
82683
15545
61636
12714
55698
92053
91911
59241
41090
96277
28479
11844
89526
28998
51115
89067
39145
74168
85772
54084
43221
65689
19740
15066
3439
22593
32749
19338
19686
64098
60179
78879
93672
11704
3305
76755
62820
55214
86156
87380
83813
25762
20906
13906
34847
59330
73487
40382
77792
73464
11659
96677
12814
21744
30388
21853
76786
73483
18528
41257
15802
64597
91112
16317
36354
42726
50828
13980
49076
48159
86560
76851
45808
14146
35885
40351
9577
1643
45338
95697
83790
75732
32786
89371
48339
9501
52737
806
71742
10784
76583
2639
537
41910
5293
90067
42168
71081
21278
27991
44748
23346
4831
57792
71698
33702
33514
3213
54737
12058
96694
31061
85028
11177
74785
53443
56413
20370
60647
63210
54204
30310
62737
373
78524
79355
63470
15703
21768
51484
33125
37215
52482
80757
22522
91704
56530
50766
9645
54880
8983
22828
11850
9646
73440
58818
17471
78157
54435
39775
92658
86927
79408
41505
91435
2962
691
42762
65419
90106
48401
90203
94170
4682
45434
70453
63290
28712
46685
8604
67222
25457
77535
59333
19706
31908
13661
15551
30692
38903
68563
52060
46836
44087
38538
47026
79904
12253
97222
5118
60219
92602
73520
16250
8527
7620
28119
85696
22637
59134
15351
42500
11333
61216
18559
56924
32538
58534
82376
30579
67967
55232
24479
55846
87254
73900
27132
10259
31734
74191
79914
67826
28023
45626
37699
52159
53431
70474
44466
59007
43181
40549
6254
19344
47831
66978
94606
87278
17346
7712
2754
90526
7632
76533
79476
48756
92074
8586
13417
44155
59653
9854
99375
73171
79726
94309
17738
54959
906
21876
28346
41590
27507
29864
95626
59811
94685
99364
70502
47734
51922
19405
41707
33888
76065
5917
78261
75571
2661
49998
52280
81938
81163
54080
23356
60935
63897
36504
13874
93137
6209
82964
8112
82367
49272
71932
44763
5468
40936
56635
58669
57932
97016
79520
23199
70368
27461
44873
31846
36008
10978
20094
96700
26239
65030
84540
63943
90247
91835
43521
80155
13773
17058
96218
94931
18238
32077
87085
96308
42837
8771
67537
71818
5762
33788
11611
20345
51093
33468
35246
62698
19277
81364
16057
58969
837
62365
2883
50327
61619
52629
92802
20407
14295
41709
88317
3169
91526
40711
11024
4117
35767
47248
97050
33515
66498
43886
59745
1825
90243
29014
47253
85677
98003
70577
64516
71157
79366
56649
34555
24607
74524
66385
23510
97739
79425
22883
8391
87527
53319
7438
13238
52008
23794
63071
75494
86056
75123
12085
35703
5029
251
67168
42021
65266
94350
32479
80336
77247
12392
65916
28526
79012
20525
83054
54058
26186
29423
53170
45238
64818
56619
51400
76051
45462
74091
49595
87788
58129
90327
80722
27980
69574
96294
69616
72577
27170
91462
77996
73975
3561
24054
68907
39016
8843
48650
29559
43249
71430
54892
11330
66079
97608
34792
92677
20873
74568
8456
66539
97196
32216
64895
3627
3461
81031
37031
35744
36113
99234
12570
17925
26085
13552
86375
19385
15217
931
20614
67376
34512
47483
25259
61744
81104
12220
37879
58677
88177
17430
40498
52646
13174
9814
52246
79611
25158
56554
20406
38868
27633
70163
62168
15843
80218
15370
96514
9010
94354
6874
15069
67903
58260
20796
45763
21077
43375
53804
89091
38353
9784
72263
46668
78541
43671
66006
43108
21888
13935
52470
47065
33709
93240
90421
74889
38527
81676
18503
11634
81093
80790
34233
57109
55122
60889
86996
22301
47140
76966
17185
5844
6552
40873
31982
3311
21492
38554
81081
68812
39684
75535
48255
30307
68987
54427
7715
66109
33000
5731
20369
27399
59172
85464
33591
40588
37702
45777
39803
10375
76441
19722
62271
99381
60773
76114
27621
99155
69030
42026
42101
29754
58390
14941
49865
10874
53938
91062
27874
35577
71432
15600
28047
8303
52813
72400
97615
37244
9336
77394
69246
38971
18336
75278
6123
36607
40938
98441
18035
82811
89890
10268
81214
23736
8583
14003
99006
84262
66748
98350
14170
74813
58701
67154
38169
5010
39371
40121
14028
12040
95267
41848
91541
32149
55989
53229
38130
4804
16634
84268
77622
41028
47769
34334
94730
64302
90896
13331
20073
65631
18254
18593
91767
60957
72328
83476
83855
4719
4991
74534
12335
55856
20410
16277
48965
83763
89244
49503
80702
83806
98734
39880
44379
33858
13711
67019
43743
83111
26520
71606
27566
97005
38331
76105
60002
26035
85102
23689
9454
9256
17292
93174
97233
21366
28470
95100
12211
20848
71343
29289
37662
96323
34247
96114
96052
62117
53459
34598
2992
81014
8739
67785
34288
59788
58407
29404
23743
77290
89542
88910
84022
11885
15238
77424
14847
2665
17960
95356
36369
6533
67152
73737
25168
79050
97563
23563
8292
61488
72003
27557
61589
35872
86427
41284
57426
86426
10892
15573
45086
20472
53253
28662
3577
78532
26162
5900
40279
51920
8747
59048
57758
17219
19211
55557
6916
75394
50249
49493
70620
87617
62676
61872
13506
61357
56360
76048
41943
86225
65956
8020
96618
27158
45139
87017
66072
44871
35708
8813
94197
92974
49858
83339
26964
82498
83871
70459
96717
29196
98611
82293
63358
51342
94799
75794
73048
3191
29195
44511
27961
10756
23826
81327
19774
99862
11258
28958
89006
13300
6922
69644
18691
89816
14919
72820
36017
21999
99745
82624
14915
7034
120
41957
4111
58300
27449
19646
58117
2578
73721
50798
89498
55093
23481
97800
30341
50565
7621
39110
37514
78426
60963
59899
2465
28645
58792
79233
81354
61034
91970
93176
84719
68244
54385
32946
2644
46968
35791
6308
30011
4056
38646
60038
50006
72107
31263
59399
97030
46066
832
23923
47881
99935
43806
31016
89156
64103
21442
22898
44961
89378
88580
64654
55346
12630
78892
60663
59259
13302
69087
34012
17420
58210
17499
68607
13027
29324
82680
24122
34742
31774
50130
15391
73485
11612
54123
9183
79452
64096
39825
18349
64740
71772
16921
29586
54109
11833
33622
58200
515
26446
29470
55301
20273
44337
89503
95425
89898
65581
10917
81851
14978
37840
75236
40868
85125
57042
88502
38211
21328
32172
95107
91817
44627
10639
12109
42239
98747
1897
28863
56834
29902
45026
64144
75770
47256
44521
88256
28808
76495
33745
12390
53195
18952
48286
65221
93014
71416
72666
31485
16024
27241
83033
63940
1303
47766
82550
65377
97461
95567
94960
34859
43996
53540
14649
31059
1397
39801
40593
11152
328
22693
59002
57176
81779
52528
94735
47828
33960
82029
39698
43768
79087
81565
71402
54231
70482
18085
67548
26483
65721
7202
75575
44926
69577
96342
11260
62875
50160
20078
14991
16269
47808
24035
37969
70442
52092
28917
20560
26215
11072
73764
15886
22169
17655
20223
51679
75612
54300
94499
52383
37265
66892
16068
47226
71575
87761
91938
2424
40774
87445
88128
96737
10069
36745
27844
559
24418
21955
79847
62590
51817
40423
4997
71679
45819
4014
99478
4232
16842
60384
77611
90536
4978
66514
6281
10199
43604
13835
92641
74850
71628
34419
30630
80873
59095
55508
16789
62217
40714
23884
70128
2011
79659
39783
15897
62838
41051
44869
1714
86131
80377
86210
98019
54463
89975
38689
220
89300
29647
18390
54203
15345
98607
51373
6013
57060
14951
5388
83801
25500
4084
7225
98670
39666
58597
71228
83264
6228
68516
36212
50455
44583
25308
71951
67155
41086
87867
45636
96473
7991
11230
51102
33695
39918
41699
46596
27172
75818
59771
37202
52363
3567
2171
23773
34785
49353
73753
93410
52429
30372
34597
94851
46413
37348
29639
54532
24883
24630
1869
77289
18127
71305
86535
57652
35775
26936
54216
23560
31045
37038
94163
53463
84884
24256
33285
75626
91120
39070
5950
65803
32523
75656
13627
28019
56656
33810
60779
997
89499
9432
77005
99025
73587
35487
61983
28685
92997
61576
24458
54659
71144
4529
61512
4060
59593
18646
2223
15965
97236
56570
14006
87572
74280
87712
84829
98300
2005
62505
67218
73832
42087
88840
44143
6381
89176
60078
84520
93223
43279
83134
95494
14416
1345
68688
17109
51700
47708
65530
28420
26768
99302
95565
52206
65416
88003
82880
71220
4612
76368
9324
27389
41815
93679
41011
66888
20357
88310
62248
4149
79131
1659
14527
69015
54297
41354
37365
59508
4273
64995
35236
4315
94889
64453
19118
93205
17727
82742
26466
28696
48471
69746
4211
17201
32944
12173
52743
18674
68164
61916
42259
80945
47857
84464
30568
93568
22377
42317
50394
87898
23073
43470
92333
73679
54421
40665
41817
7492
18408
53810
83635
85343
11308
79380
71983
44257
77360
78980
70505
33603
76734
98290
81884
65881
21198
44001
85262
83205
41374
78908
32793
78792
14690
69649
57355
80233
97686
35160
24638
72491
38980
76884
28715
36587
68817
15874
88870
60633
11238
72930
96226
24001
82551
29427
93241
10349
90381
44132
30695
50744
5855
91747
72283
17677
87471
31456
36961
88369
50558
7149
46015
95412
93090
28044
2818
7136
57356
81707
13010
11064
24590
40264
7653
35725
17223
86512
94189
40958
73187
3975
11353
96840
34619
83289
72016
54660
36375
91174
23838
73449
72689
35393
28755
78984
66249
25923
66093
3872
33269
85916
87264
47587
92272
64072
89988
85873
70261
92004
85855
61633
97809
98063
20913
25751
36139
18404
62879
68501
98000
1857
23795
31794
74805
87521
46651
40327
22434
32722
92727
15977
20621
41980
91033
26848
25734
33215
44349
23751
35073
57761
65021
85433
82568
28897
34540
21350
49593
73768
95317
3604
81470
9470
19158
43010
5517
66753
43734
24597
13996
28155
8173
78544
23683
24908
16718
66033
80979
44225
3520
6053
88571
32333
5933
91812
14009
74122
48712
87385
9615
55554
96623
53010
38315
97238
15667
72160
39198
90657
18002
52960
25041
6093
14505
67454
56277
4182
75892
68320
11140
34050
94753
10652
55180
93984
58590
70481
73489
84400
18257
60420
49996
80469
87831
58214
74653
83365
39113
6470
54260
79909
59151
23060
69784
27385
46510
4395
90897
18598
10466
93163
39071
47171
56667
64890
49824
1040
94456
17425
82611
81681
98515
37677
19732
18340
13367
1441
17155
17497
99427
5316
15701
11589
36175
36439
25841
84791
34052
78754
98765
1059
47628
20301
71198
88337
27799
52946
99073
88920
10620
31977
44412
98924
847
1199
95374
2388
67095
77980
8673
32163
99313
808
29328
58619
41200
7231
71570
68606
68027
37013
85753
7711
11597
49327
56993
72841
40550
28318
81130
64010
91833
91558
69455
91954
45399
52638
73855
77240
19943
38750
3789
96868
68146
82400
18661
59023
19952
21789
15687
18305
24823
25335
91123
77842
36270
24004
41114
78060
12059
59247
60183
24894
88520
46068
75618
7845
63644
6307
57307
67105
71887
1531
22539
42630
13598
27722
97174
34487
74728
37283
11663
76684
87866
27786
99377
98256
52853
31708
56722
8654
32105
61060
97405
17560
72616
52887
70653
7000
67674
54380
43533
54093
84721
38532
60416
84979
93850
84664
72778
96193
38968
7490
13750
98002
41745
58833
6641
93206
88593
37262
53240
45276
26878
31304
25788
80897
53182
79201
21642
23478
85217
71415
23652
46124
83207
76104
25747
29694
62391
28743
37009
51202
50567
47072
50251
91340
63722
62223
37907
75561
92298
64682
46416
90181
43755
81074
54476
64210
32040
2370
52670
66267
29720
67557
41897
43092
68546
47510
63270
96902
4100
29668
83380
53390
26138
66641
25520
24807
6588
10435
61115
38344
88670
12141
81215
27634
92885
87419
96799
12671
91203
43012
94202
24910
65298
43866
96957
26047
37356
52506
13029
90534
73792
83698
35474
26825
95907
6817
87552
37397
84195
66676
25969
67541
23207
78808
92795
90392
17767
30557
98098
82358
12770
1394
69685
46162
45687
17845
14774
18749
68994
26804
24743
36292
49972
2570
67404
9693
77221
69184
64976
2103
85342
99570
30438
37735
92547
6714
51314
62800
93365
71894
74051
925
65153
49048
20346
55890
58908
35353
68659
48303
70555
3303
53080
5888
99634
87791
82180
69222
68493
20659
12954
82279
73378
51258
61246
32081
83148
38459
6495
67980
48499
49341
42353
76611
84059
81831
83441
53550
73729
58777
14418
51119
91327
33714
83386
24893
80931
11282
73393
14096
98277
7226
27581
82666
53177
62172
84050
54470
75501
32361
68740
36767
18039
41262
84207
54164
45916
50273
4108
75221
29613
49939
26233
39748
7898
17432
63205
78445
74221
8203
63824
65171
88050
12353
88477
67913
54457
922
3028
39393
24696
42354
26812
76046
6060
65148
88724
55580
95718
80319
67706
70158
95234
61259
69032
52375
35311
63254
17233
68233
84685
82749
69631
56979
55109
23663
4506
99314
71875
55268
44640
5277
58769
45479
62191
46951
98045
82285
20667
31331
49679
20187
72939
67599
26179
64437
61710
25318
44986
321
91903
71895
57724
4050
45571
10327
54401
24272
72589
25688
79349
93956
66912
4329
13765
12034
32265
28914
52145
81357
34510
59976
11892
6832
36146
41887
5090
8860
43432
4654
69013
87502
64657
90969
5027
4533
20793
74123
96100
99581
50757
47067
93703
73278
66053
6364
68963
3616
57025
7781
38639
40112
92069
53976
73095
18397
60899
12503
13242
99315
87011
65413
43498
14663
90384
1604
31325
15453
90693
18218
67666
69914
98191
60431
20650
75520
80737
26810
92048
68918
95635
94295
47747
85685
95671
4582
49099
21686
22325
70918
68267
46607
49872
95237
35786
89923
51325
75258
9729
69243
25386
33920
73336
44950
22320
51884
93732
66844
27827
15489
71427
50541
47893
90268
52154
75242
82355
41880
24463
27080
86159
32994
30805
92555
43032
59331
47526
2996
76137
87630
44282
60289
78437
53906
55485
4465
93293
80847
92804
5847
17765
64027
9360
39987
62435
11934
80863
76549
39459
89959
70266
90036
75017
16679
3002
3297
32827
88835
56612
28282
45758
77443
52504
20085
74830
8677
19995
55800
49110
89320
86891
41292
83477
19694
75807
26178
61226
2159
3617
92953
62337
54989
5246
72218
36244
97630
33287
19315
40221
97520
81105
68866
80649
3010
98545
78456
9692
96539
63535
27135
56465
31284
48877
74421
28579
78065
20080
82768
98757
47003
8812
80503
80005
86286
96291
99759
85536
71712
44836
47341
1034
56849
18181
42999
59326
37192
8531
24190
16366
49928
64978
74621
5489
19626
3236
28682
54936
56756
80808
38209
92403
83800
31862
8393
97149
42472
57915
21697
99452
51161
52083
86126
9980
17301
7749
81053
20698
98111
54136
37594
99044
29828
28617
2148
32059
95975
16099
5121
36801
17240
47095
81501
49251
66690
96703
21657
42515
69100
74854
58029
71918
48157
70511
97431
79965
10520
13184
37957
72774
94505
99390
14552
4471
70769
51530
35564
24895
44937
33895
3994
40437
65930
65380
20131
49787
19958
43959
53851
83358
60681
27465
74770
32065
60235
35018
65455
31378
38114
69113
27053
74908
88823
66076
74297
64001
56125
84068
34019
85959
48309
84756
96235
27378
41122
72188
10176
33326
77723
31994
21832
42536
9846
88518
89628
7717
9377
72590
9095
43438
85019
23849
58102
61120
33535
1641
38680
74103
18613
25466
76706
8475
70201
22668
60874
18912
25097
40624
33099
7713
89904
64442
24264
14817
72509
13423
90187
72690
40216
64397
18394
6644
84133
25114
31254
14683
38605
35095
95316
22439
36454
17948
69923
82247
22206
25295
21038
69603
34899
32348
96674
20855
6099
20563
62095
11233
46450
92578
96776
53398
24128
15564
81460
75184
81360
26597
81848
41614
8692
37719
46864
9077
9554
49631
67472
29875
34721
30905
26647
51027
85997
53719
77387
7444
54208
32289
2391
69915
87927
16933
46039
97079
31040
75377
56546
35078
7393
70362
21722
64105
7324
70310
88770
12263
71292
79287
36024
64944
89418
99652
44245
43405
10060
32355
7534
54736
49618
57059
76767
79158
54061
83948
24450
27243
35424
12050
52432
41323
40404
46847
73257
93574
26339
8298
82635
95993
2102
45496
77725
8557
13701
2763
12166
16380
84704
83474
41498
15849
92724
13716
39435
92823
23228
87310
17126
19657
72692
40515
43285
32741
16155
1589
86341
61178
27475
15994
79036
59826
92408
30647
75004
91846
30613
91274
40169
7968
39341
42509
17290
89524
94264
66421
92030
65664
97359
92844
28425
73173
6303
61974
32858
9049
30512
17505
41548
49505
78736
93778
72776
74376
38912
16000
50238
81797
3087
58785
28056
212
84564
28600
39836
43976
41734
32995
80821
4732
34260
39300
28467
49775
64540
12210
35876
81026
24365
85069
1558
35602
36563
42141
18392
78173
52840
22998
20762
19707
37388
32621
78208
42255
34006
15285
74137
85105
72818
9695
81517
44605
92863
89812
9059
84274
6713
17374
6460
89350
60821
65308
84552
83333
90776
16829
56395
15985
85667
16736
27316
46723
77730
30114
77983
72895
25134
75609
45084
69438
60893
64026
86899
73313
81139
83631
9691
4971
30662
35915
48682
77522
66068
36512
50600
73212
70614
95362
23211
3211
71494
85004
64462
77107
3165
1416
995
11944
87219
8816
27819
2
7259
70321
52812
3780
25748
62114
51689
53261
59748
82012
66713
8524
92090
94482
36674
29382
76384
75603
69929
45653
15075
24933
32402
61699
84817
83180
42257
45596
25395
84703
8655
53681
76746
57714
81235
84250
43579
78046
48565
38822
31970
2904
25299
56245
14236
34356
75642
29004
23638
46909
2351
92736
3633
20900
82103
46069
7993
18088
47416
15658
36480
31777
66003
72154
76073
1036
28249
2725
49892
83446
73640
31564
38139
64145
87107
62992
46369
50696
68899
57220
79695
47334
10514
22916
85095
80300
87500
95478
48384
98724
53833
68011
31348
5689
52212
6011
12557
71167
63951
38983
46046
74912
1830
68373
26220
96029
73157
40098
71814
78104
78016
63830
45880
76912
62625
94880
77695
17908
59351
80662
62269
85123
59104
41592
19618
21652
81879
20769
18424
39480
74518
39942
91660
7971
62602
84777
10010
84440
93088
90920
89506
86953
12652
98986
99525
33578
50447
30161
91220
16396
47965
26476
79205
43453
74090
62140
5921
98370
95285
35498
56392
59430
5350
81793
80021
76353
12576
39867
63288
20245
96359
8894
32481
72510
99620
18141
34949
72087
51890
90515
1060
77756
76406
10036
15616
25942
81904
44969
56708
31247
38181
15715
10232
42718
96557
82810
31628
27202
89733
78419
63063
60894
42557
14102
36341
64424
39859
69188
3709
87457
60238
54418
51041
94561
53659
20081
6884
21818
38386
77905
65161
77082
35274
73411
55314
82082
99674
39618
68434
87603
76457
19323
19902
35296
33973
48003
16403
76037
12198
40916
44258
82669
11538
24728
13332
62127
50915
1648
20540
58397
58893
70756
83370
36876
99340
43399
57364
67946
4666
52652
4092
76005
58886
6693
38528
60063
92973
11500
72240
10660
77110
37391
91580
30470
6499
79846
5464
49923
86908
46989
28589
68208
97240
40703
41549
12044
84350
70428
60981
41987
90671
87646
34983
66625
3025
48365
63357
9765
95497
50206
95087
46384
9214
47279
28970
67742
79570
73925
40477
81474
95784
88085
13025
87670
63822
6513
66571
83145
39083
767
34837
83793
34919
48289
66523
9738
2116
52268
14788
13541
64674
4703
72249
49097
38176
7917
98652
83932
76576
87408
83448
63964
75408
11191
11168
32801
73562
90665
12870
57292
18226
31598
10900
8331
36458
93147
14440
64570
72039
54215
3587
33477
98196
78279
29129
24281
36515
67074
75749
41647
39865
87092
92489
84507
14171
47378
54524
9012
67405
52395
21747
1593
50359
86944
19695
91707
21896
60759
80271
65839
79260
93250
11581
64904
50429
54644
31267
68038
69853
93213
98842
87423
85951
50158
60252
55304
5465
62487
37668
67076
59004
34415
97778
68544
57214
76233
2936
25200
6781
51380
96831
58462
54775
78461
9870
85790
97321
45706
3042
93432
58994
22013
16588
77166
67775
36481
53380
84483
97507
47759
10898
37768
18224
40286
7920
93615
38915
91716
18310
82053
73921
33339
89054
37382
54464
5658
44749
74535
2708
29581
54252
10723
4116
71792
24729
42720
37459
86160
4185
88654
28902
15124
10400
81051
21016
28081
47357
5532
11311
86213
9927
38817
46906
92041
79165
12895
59026
60010
15693
40230
8378
65614
37535
93329
68037
75359
12973
11711
82819
70872
68547
20696
66729
82565
18296
4606
16797
77683
19867
55157
87275
30466
66698
30825
55661
29711
14181
76439
27916
51268
25304
59096
25813
75764
19075
50018
18828
36775
37831
49290
35847
60788
9044
60430
12986
77033
82848
